5 0.518149 0.091920 0.300665 0.011971
5 0.516939 0.398033 0.283727 0.011971
5 0.516636 0.687046 0.196007 0.011116
5 0.518754 0.835827 0.295826 0.011116
1 0.510284 0.045105 0.725348 0.027790
6 0.182396 0.117144 0.069570 0.011971
0 0.302480 0.136597 0.309740 0.013254
6 0.184211 0.158401 0.074410 0.010688
1 0.514519 0.251176 0.739867 0.158615
6 0.183303 0.338820 0.071385 0.011543
0 0.362371 0.358914 0.427102 0.013254
6 0.182396 0.422189 0.069570 0.009833
6 0.182396 0.711843 0.073200 0.011971
6 0.183606 0.859555 0.073200 0.011543
1 0.515729 0.545532 0.733817 0.221462
0 0.513914 0.764002 0.733817 0.077811
0 0.516031 0.892048 0.736842 0.037195
1 0.517544 0.937580 0.696310 0.049594
