8 0.477919 0.078666 0.113733 0.062420
8 0.578645 0.079094 0.079250 0.057289
7 0.635511 0.159256 0.422868 0.049166
8 0.795826 0.078452 0.323654 0.053442
7 0.476709 0.376657 0.111313 0.020522
2 0.458863 0.402522 0.090139 0.014964
2 0.461887 0.511971 0.092559 0.014964
1 0.580762 0.457033 0.278282 0.083796
0 0.692377 0.542967 0.500302 0.037623
2 0.539322 0.606883 0.237750 0.018384
4 0.579552 0.640872 0.281912 0.013681
4 0.513007 0.749038 0.147610 0.014536
4 0.485783 0.918982 0.091954 0.016674
0 0.722928 0.683198 0.463400 0.050449
1 0.719298 0.833262 0.446461 0.129970
0 0.727163 0.953613 0.462190 0.034630
